362882
362882
362882
362882
362882
362882
362882
362882
362882
362882
362882
362882
362882
362882
362882
362882
362882
362882
362882
362882
362882
362882
362882
362882
362882
362882
362882
362882
362882
362882
360235
360235
360235
360235
360235
360235
360235
360235
360235
360235
360235
360235
360235
360235
360235
360235
360235
360235
360235
360235
360235
360235
360235
360235
360235
360235
360235
360235
360235
360235
360235
317572
317572
317572
317572
317572
317572
317572
317572
317572
317572
317572
317572
317572
317572
317572
317572
317572
317572
317572
317572
317572
317572
317572
317572
317572
317572
317572
317572
317572
317572
317572
317572
329095
329095
329095
329095
329095
329095
329095
329095
329095
329095
329095
329095
329095
329095
329095
329095
329095
329095
329095
329095
329095
329095
329095
329095
329095
329095
329095
329095
329095
329095
492811
492811
492811
492811
492811
492811
492811
492811
492811
492811
492811
492811
492811
492811
492811
415503
415503
415503
415503
415503
415503
415503
415503
415503
415503
415503
415503
415503
415503
415503
415503
366040
366040
366040
366040
366040
366040
366040
366040
366040
366040
366040
366040
366040
366040
366040
366040
366040
366040
366040
366040
366040
366040
366040
366040
366040
366040
366040
366040
366040
366040
366040
366040
366040
366040
366040
366040
366040
366040
366040
366040
331413
331413
331413
331413
331413
331413
331413
331413
331413
331413
331413
331413
331413
331413
331413
331413
331413
331413
331413
331413
331413
331413
331413
331413
319492
319492
319492
319492
319492
319492
319492
319492
319492
319492
319492
319492
319492
319492
319492
319492
319492
319492
319492
319492
319492
319492
319492
319492
319492
319492
319492
319492
699676
699676
699676
699676
699676
699676
699676
699676
699676
699676
699676
699676
699676
699676
699676
699676
699676
699676
699676
699676
699676
379044
379044
379044
379044
379044
379044
379044
379044
379044
379044
379044
379044
379044
379044
379044
379044
379044
379044
379044
379044
379044
379044
379044
379044
379044
379044
379044
379044
379044
379044
331430
331430
331430
331430
331430
331430
331430
331430
331430
331430
331430
331430
331430
331430
331430
331430
331430
331430
331430
331430
331430
331430
331430
331430
331430
331430
331430
331430
331430
331430
331430
331430
331430
331430
331430
331430
331430
331430
331430
331430
331430
331430
331430
331430
331430
331430
331430
331430
331430
331430
331430
499879
499879
499879
499879
499879
499879
499879
499879
499879
499879
499879
499879
499879
499879
499879
499879
499879
499879
499879
499879
499879
499879
499879
499879
225960
225960
225960
225960
225960
225960
225960
225960
225960
225960
225960
225960
225960
225960
225960
225960
225960
225960
225960
225960
225960
225960
225960
360361
360361
360361
360361
360361
360361
360361
360361
360361
360361
360361
360361
360361
360361
360361
360361
360361
360361
360361
360361
360361
360361
360361
360361
360361
360361
360361
360361
360361
360361
360361
360361
360361
360361
392106
392106
392106
392106
392106
392106
392106
392106
392106
392106
392106
392106
392106
392106
392106
392106
392106
392106
392106
392106
392106
392106
392106
392106
392106
392106
392106
328875
328875
328875
328875
328875
328875
328875
328875
328875
328875
328875
328875
328875
328875
328875
328875
328875
328875
328875
328875
328875
328875
328875
328875
328875
328875
328875
328875
328875
328875
328875
328875
420141
420141
420141
420141
420141
420141
420141
420141
420141
420141
420141
420141
420141
420141
420141
420141
420141
420141
420141
420141
420141
420141
420141
420141
420141
420141
420141
420141
420141
420141
420141
420141
420141
420141
373935
373935
373935
373935
373935
373935
373935
373935
373935
373935
373935
373935
373935
373935
373935
373935
373935
373935
373935
373935
373935
320688
320688
320688
320688
320688
320688
320688
320688
320688
320688
320688
320688
320688
320688
320688
320688
320688
320688
320688
320688
320688
320688
320688
320688
327347
327347
327347
327347
327347
327347
327347
327347
327347
327347
327347
327347
327347
327347
327347
327347
327347
327347
327347
327347
327347
327347
327347
327347
327347
327347
327347
327347
327347
327347
327347
327347
327347
327347
327347
327347
327347
327347
591293
591293
591293
591293
591293
591293
591293
591293
591293
591293
591293
591293
591293
591293
591293
591293
591293
591293
591293
591293
591293
591293
591293
591293
591293
591293
591293
596799
596799
596799
596799
596799
596799
596799
596799
596799
596799
596799
596799
596799
596799
596799
596799
596799
596799
596799
596799
596799
596799
596799
596799
596799
596799
596799
596799
596799
596799
596799
373569
373569
373569
373569
373569
373569
373569
373569
373569
373569
373569
373569
373569
373569
373569
373569
373569
373569
373569
373569
373569
373569
373569
373569
373569
373569
373569
401986
401986
401986
401986
401986
401986
401986
401986
401986
401986
401986
401986
401986
401986
401986
401986
401986
401986
401986
401986
401986
401986
401986
401986
401986
401986
401986
401986
321092
321092
321092
321092
321092
321092
321092
321092
321092
321092
321092
321092
321092
321092
321092
321092
321092
321092
321092
321092
321092
321092
321092
321092
321092
321092
321092
321092
321092
321092
343030
343030
343030
343030
343030
343030
343030
343030
343030
343030
343030
343030
343030
343030
343030
343030
343030
343030
343030
343030
343030
343030
153798
153798
153798
153798
153798
153798
153798
153798
153798
153798
153798
153798
153798
153798
153798
153798
153798
153798
153798
153798
153798
153798
153798
153798
153798
153798
153798
153798
153798
153798
153798
153798
153798
153798
153798
153798
153798
153798
153798
153798
153798
153798
153798
153798
153798
153798
153798
153798
153798
153798
153798
153798
362954
362954
362954
362954
362954
362954
362954
362954
362954
362954
362954
362954
362954
362954
362954
362954
362954
362954
362954
362954
362954
362954
362954
362954
362954
362954
220151
220151
220151
220151
220151
220151
220151
220151
220151
220151
220151
220151
220151
220151
220151
220151
220151
220151
220151
220151
332879
332879
332879
332879
332879
332879
332879
332879
332879
332879
332879
332879
332879
332879
332879
332879
332879
332879
332879
332879
332879
332879
332879
332879
332879
395984
395984
395984
395984
395984
395984
395984
395984
395984
395984
403794
403794
403794
403794
403794
403794
403794
403794
403794
403794
403794
403794
403794
403794
403794
403794
403794
403794
403794
403794
403794
403794
403794
403794
403794
403794
403794
403794
404952
404952
404952
404952
404952
404952
404952
404952
404952
404952
404952
404952
404952
404952
404952
404952
404952
404952
404952
404952
404952
404952
404952
404952
404952
404952
404952
404952
404952
404952
404952
404952
404952
404952
404952
404952
392665
392665
392665
392665
392665
392665
392665
392665
392665
392665
392665
392665
392665
392665
392665
392665
392665
392665
392665
392665
392665
392665
392665
392665
392665
392665
392665
392665
392665
392665
392665
392665
309595
309595
309595
309595
309595
309595
309595
309595
309595
309595
309595
309595
309595
309595
309595
309595
309595
309595
309595
309595
309595
309595
309595
309595
309595
309595
309595
309595
309595
309595
309595
309595
309595
309595
309595
309595
309595
309595
309595
309595
333916
333916
333916
333916
333916
333916
333916
333916
333916
333916
333916
333916
333916
333916
333916
333916
333916
333916
333916
333916
333916
333916
333916
333916
333916
333916
333916
333916
333916
333916
333916
333916
333916
333916
337765
337765
337765
337765
337765
337765
337765
337765
337765
337765
337765
337765
337765
337765
337765
337765
337765
337765
337765
337765
337765
337765
337765
337765
337765
337765
337765
337765
337765
337765
337765
337765
337765
337765
337765
337765
401197
401197
401197
401197
401197
401197
401197
401197
401197
401197
401197
401197
401197
401197
401197
401197
401197
379686
379686
379686
379686
379686
379686
379686
379686
379686
379686
379686
379686
379686
379686
379686
379686
379686
379686
379686
379686
362982
362982
362982
362982
362982
362982
362982
362982
362982
362982
362982
362982
362982
362982
362982
362982
362982
362982
362982
362982
362982
362982
362982
362982
362982
362982
362982
362982
373736
373736
373736
373736
373736
373736
373736
373736
373736
373736
373736
373736
373736
373736
373736
373736
373736
373736
373736
373736
373736
373736
373736
373736
373736
373736
373736
373736
373736
373736
373736
373736
373736
373736
373736
373736
373736
373736
373736
373736
333138
333138
333138
333138
333138
333138
333138
333138
333138
333138
333138
333138
333138
333138
333138
333138
333138
333138
333138
333138
333138
333138
333138
333138
398576
398576
398576
398576
398576
398576
398576
398576
398576
398576
398576
398576
398576
398576
398576
398576
398576
398576
398576
398576
398576
398576
398576
398576
398576
398576
398576
398576
398576
398576
337396
337396
337396
337396
337396
337396
337396
337396
337396
337396
337396
337396
337396
337396
337396
337396
337396
337396
337396
337396
337396
337396
337396
337396
337396
339573
339573
339573
339573
339573
339573
339573
339573
339573
339573
339573
339573
339573
339573
339573
339573
339573
339573
339573
339573
339573
339573
339573
339573
339573
339573
339573
339573
339573
339573
339573
339573
339573
339573
339573
339573
339573
339573
339573
339573
339573
339573
426230
426230
426230
426230
426230
426230
426230
426230
426230
426230
426230
426230
426230
426230
426230
426230
426230
426230
426230
426230
426230
426230
426230
426230
426230
426230
426230
426230
426230
362999
362999
362999
362999
362999
362999
362999
362999
362999
362999
362999
362999
362999
362999
362999
362999
362999
362999
362999
362999
362999
362999
362999
362999
362999
362999
362999
362999
362999
362999
362999
331514
331514
331514
331514
331514
331514
331514
331514
331514
331514
331514
331514
331514
331514
331514
331514
331514
331514
331514
331514
331514
331514
331514
331514
331514
331514
331514
331514
331514
331514
331514
331514
331514
331514
331514
331514
331514
331514
402811
402811
402811
402811
402811
402811
402811
402811
402811
402811
402811
402811
402811
402811
402811
402811
402811
402811
402811
402811
402811
402811
402811
402811
402811
402811
396156
396156
396156
396156
396156
396156
396156
396156
396156
396156
396156
396156
396156
396156
396156
396156
396156
396156
396156
396156
396156
396156
396156
396156
396156
396156
396156
396156
396156
396156
396156
396156
396156
396156
396156
396156
396156
396156
332797
332797
332797
332797
332797
332797
332797
332797
332797
332797
332797
332797
332797
332797
332797
332797
332797
332797
332797
332797
332797
332797
332797
332797
332797
332797
332797
332797
332797
332797
332797
332797
332797
332797
332797
332797
332797
332797
332797
332797
332797
332797
332797
