362882
362882
362882
362882
362882
362882
362882
362882
362882
362882
362882
328875
328875
328875
328875
328875
328875
328875
328875
328875
328875
328875
328875
328875
328875
328875
328875
328875
328875
328875
328875
328875
328875
328875
328875
328875
328875
328875
319492
319492
319492
319492
319492
319492
319492
319492
319492
319492
319492
319492
319492
319492
319492
319492
319492
319492
319492
319492
319492
319492
319492
319492
319492
319492
319492
319492
329095
329095
329095
329095
329095
329095
329095
329095
329095
329095
492811
492811
492811
492811
492811
492811
492811
492811
492811
492811
492811
492811
492811
492811
492811
492811
492811
492811
492811
492811
492811
492811
492811
492811
415503
415503
415503
415503
415503
415503
415503
415503
415503
415503
415503
415503
415503
415503
415503
415503
415503
415503
415503
415503
415503
415503
415503
415503
415503
415503
415503
415503
415503
415503
415503
415503
415503
415503
415503
415503
366040
366040
366040
366040
366040
366040
366040
366040
366040
366040
366040
366040
331413
331413
331413
331413
331413
331413
331413
331413
331413
331413
331413
331413
331413
331413
331413
331413
331413
331413
331413
331413
331413
331413
331413
331413
331413
317572
317572
317572
317572
317572
317572
317572
317572
317572
317572
317572
317572
317572
317572
317572
317572
317572
699676
699676
699676
699676
699676
699676
699676
699676
699676
699676
699676
699676
699676
699676
699676
699676
699676
699676
699676
699676
699676
699676
420141
420141
420141
420141
420141
420141
420141
420141
420141
420141
420141
420141
420141
420141
420141
420141
420141
420141
420141
420141
420141
420141
420141
420141
420141
420141
379044
379044
379044
379044
379044
379044
379044
379044
379044
379044
379044
379044
379044
379044
331430
331430
331430
331430
331430
331430
331430
331430
331430
331430
331430
331430
331430
331430
331430
331430
331430
225960
225960
225960
225960
225960
225960
225960
225960
225960
225960
225960
225960
225960
225960
225960
225960
225960
225960
225960
225960
360361
360361
360361
360361
360361
360361
360361
360361
360361
360361
360361
360361
360361
360361
360361
360361
392106
392106
392106
392106
392106
392106
392106
392106
392106
360235
360235
360235
360235
360235
360235
360235
360235
360235
360235
360235
360235
360235
360235
360235
360235
360235
360235
360235
360235
401197
401197
401197
401197
401197
401197
401197
401197
401197
401197
401197
401197
401197
401197
401197
401197
401197
401197
401197
401197
401197
401197
401197
401197
401197
373935
373935
373935
373935
373935
373935
373935
373935
373935
373935
373935
373935
373935
373935
373935
373935
373935
373935
373935
373935
373935
320688
320688
320688
320688
320688
320688
320688
320688
320688
320688
320688
320688
320688
320688
320688
320688
320688
320688
320688
327347
327347
327347
327347
327347
327347
327347
327347
327347
327347
327347
327347
327347
327347
327347
327347
327347
327347
327347
591293
591293
591293
591293
591293
591293
591293
591293
591293
591293
591293
591293
591293
591293
591293
591293
591293
591293
591293
591293
591293
591293
591293
591293
591293
591293
591293
591293
596799
596799
596799
596799
596799
596799
596799
596799
596799
596799
596799
596799
373569
373569
373569
373569
373569
373569
373569
373569
373569
373569
401986
401986
401986
401986
401986
401986
401986
401986
401986
321092
321092
321092
321092
321092
321092
321092
321092
321092
321092
321092
321092
321092
343030
343030
343030
343030
343030
343030
343030
343030
343030
343030
343030
343030
343030
343030
343030
343030
343030
153798
153798
153798
153798
153798
153798
153798
153798
153798
153798
153798
153798
362954
362954
362954
362954
362954
362954
362954
362954
362954
362954
362954
362954
362954
362954
362954
362954
362954
362954
362954
362954
362954
362954
362954
362954
362954
362954
362954
362999
362999
362999
362999
362999
362999
362999
362999
362999
362999
362999
362999
362999
362999
362999
362999
332879
332879
332879
332879
332879
332879
332879
332879
332879
332879
332879
395984
395984
395984
395984
395984
395984
395984
395984
395984
333138
333138
333138
333138
333138
333138
333138
333138
333138
333138
333138
333138
333138
333138
333138
333138
333138
333138
379686
379686
379686
379686
379686
379686
379686
379686
379686
379686
379686
379686
379686
379686
379686
379686
404952
404952
404952
404952
404952
404952
404952
404952
404952
404952
404952
404952
404952
404952
404952
404952
404952
404952
404952
404952
404952
404952
404952
392665
392665
392665
392665
392665
392665
392665
392665
392665
392665
392665
392665
392665
309595
309595
309595
309595
309595
309595
309595
309595
309595
309595
309595
309595
309595
309595
333916
333916
333916
333916
333916
333916
333916
333916
333916
333916
333916
333916
333916
333916
333916
333916
333916
333916
333916
333916
333916
401378
401378
401378
401378
401378
401378
401378
401378
401378
401378
401378
401378
401378
401378
401378
401378
401378
337765
337765
337765
337765
337765
337765
337765
337765
337765
337765
337765
337765
337765
337765
337765
337765
337765
337765
337765
337765
337765
337765
337765
337765
337765
337765
362982
362982
362982
362982
362982
362982
362982
362982
362982
362982
362982
362982
362982
362982
362982
362982
373736
373736
373736
373736
373736
373736
373736
373736
373736
373736
373736
403794
403794
403794
403794
403794
403794
403794
403794
403794
403794
403794
403794
403794
403794
403794
403794
403794
403794
403794
403794
403794
403794
403794
403794
403794
403794
403794
403794
403794
403794
398576
398576
398576
398576
398576
398576
398576
398576
398576
398576
398576
398576
337396
337396
337396
337396
337396
337396
337396
337396
337396
337396
337396
337396
337396
339573
339573
339573
339573
339573
339573
339573
339573
339573
339573
339573
426230
426230
426230
426230
426230
426230
426230
426230
426230
426230
426230
426230
426230
426230
426230
426230
426230
426230
426230
426230
426230
220151
220151
220151
220151
220151
220151
220151
220151
220151
220151
220151
220151
220151
220151
220151
331514
331514
331514
331514
331514
331514
331514
331514
331514
331514
331514
331514
331514
331514
331514
331514
331514
331514
331514
331514
331514
331514
402811
402811
402811
402811
402811
396156
396156
396156
396156
396156
396156
396156
396156
396156
396156
396156
396156
396156
396156
396156
332797
332797
332797
332797
332797
332797
332797
332797
332797
332797
